$ANSIBLE_VAULT;1.1;AES256
66393534326463313264393631646633383839303463623266303462643533323664326436303265
6363663732636162323030303734663438343232643266660a623463303838383666636531343233
31666633666265346538643731396133363434323133393562393930666265383434356464646130
6364323837316134360a373633323762306165383735316538306563303135323666353635663234
35653434663439626333633030336664393538353139323638353530623464643534303933363264
63353337613166643139356564653139643937353461653361343632323535303634313562356631
35383262646531346435373033666631663166326235383939323833363836373036316139303335
65643136656561383865353763303761383633646433383562383832656538623061656534646164
38316631663433633035373363623130326163393830626331396431616134373834613732626433
35636337333766336164616363386364346338663930383336373164366336343139373630363038
35356633336638376161343665336334353330633465323332326364643237386431623137343765
32316439343539383566326639366638623931343363313630313964623132363439373766303461
66353139303965313962383638383436363332633063383166386433666332643365306163353536
63633935336132376538616462616563653961366638643235626364653761343064393532306162
33306131633064633238653034626434643731333732613134376134613637613766356164366639
63313531323130363338623633613832623033353666393536353737323765303231646135353833
34353239313737646539653733623366623834303730373635613163393735313161396338643762
39666166623131306163316563343062613661653537656433666662333066323562636263396165
66333935323361343536393830343838393736333964366530333235666130643633383436336466
31613438313136383962646531306234616362656136316133633966333834363761386332663164
39306463346232343934323464316265353538316238326566383163306465323062653966373839
35323462636530613766363333356239356536636439616637643861633031326539346264616362
30653762396238663362323264333839313761383966633965333533393335633266323764653838
34326466343937383831
